$ANSIBLE_VAULT;1.1;AES256
66386437356238343932356631373738346564353338316435376439393336346532636337333831
3130323238633363383862366535646638303437376235640a383365613432653764343465393566
64613939653731376363646533353033363633333733653864313639303438313934376263386139
3765666237306632660a623738326238323063366236393061613631643162363365376163666161
35353662636639323938393132306262643737653765366335626538393962333463346133376236
31396461623964343662633439643335313432373130316638633632383866383462313465346331
38643466313163383233333966376330343163623462316139663132363666663135326134316635
33383932396534333539393066373062663764613235343633633233336262343632653862316461
39326632626561363134363635653932663134323639383635343962323539313365386235613733
32336130383635393165643930316637646630643636626466336465623236633539633339633732
63393138336639616230666635386235303939356332343064343466626636656365373762343063
39373036353930383637383436376362653963646230613266343636616437643634313535393366
37643564376132636434316361386561383663366630363033626433616635643434333038623533
63336433346337653663326665623836613039333766626535356638316339616536376262366662
61376535613535336135333265373236376263346264363331353337646236663661336336343164
66616464353837313633646639666635313430313238643065313965333738336233353437626134
33613437396437303938353731303865393934353135666637356139616136326363363165396664
66336161313237346531356235393965323636376435313961383635666230613864373938653134
36343537316266636264323736663336343161346638616134336438396361663762626530333231
39353837396436636133623533643062333332373930616430316336636630346333623932323437
34636464336532636533346235636633663766346434626439373765396433623237623234663333
34636337333538386161373565396365333931353930383666653163316132353537343437656639
34383630313930616163303136386235633637653563373831313565626363383532393936336134
36613961393530383366666435356431633932613261313566356465313734383337633664313939
33303063653065343962343133336536633933643238336238353163636161346136393132353636
61376339346364366434613631363531353338396138373564613666336237343731396331643366
30376563396139613938633164353534623430353832653937366638616431306132656232393463
37343531616532383561623435393039393462636233646630616433306334373237323165316365
62383637383866373231353533613430313939333432383039616234613562636334653131383937
34353264393162626631373464316233653263626363613761393532646263656462633763656535
65396130353337663432363738653363363830616565303436663036613763363439323334336439
37313432343535666266313533353833373636653663306530353765353438386533336334373533
61343435633434356666316331376236663062303736306632343265656261353532333133616537
32616365393336323331666566373233353266653563373334616662363935663835306339353663
33366239643666366134613030353934616465333266333035663936626165303738313462613639
61316533663932386435363963626232643639383165356263663561376135643231623934393663
30346434363133343038313364326662326238653162626130643266653066346336626338313438
31363562393461323837373931613931663030383566356161373436303431666337383132643466
62396630313935356435343833333730373764636363653965633334393838396138646536343161
65366664343635383631393566323166343133303866393961636465386633366537386230666133
30306439663836306136356262333466386337623065363265633565346265373239393763366539
61373631303635656436663033316531306330313463646636373037643533666636636463646637
636130303766326436653330633764646564
